638
551
657
739
66
820
384
105
476
507
773
455
954
27
509
835
263
237
5
392
551
896
787
603
890
355
56
160
570
36
471
856
509
718
789
453
608
561
876
739
946
595
643
908
655
789
197
263
769
759
40
494
293
565
272
131
890
75
330
359
408
394
797
940
328
205
13
681
128
247
82
547
729
795
848
992
11
569
51
480
16
254
275
35
866
855
307
173
12
741
193
142
49
864
129
961
745
769
860
433
610
160
658
20
387
134
430
474
426
334
796
169
210
802
185
520
544
179
755
640
562
480
271
204
30
451
92
13
340
777
940
184
150
714
437
890
35
847
779
821
662
773
272
261
990
594
382
879
836
62
900
169
448
432
933
344
75
582
614
54
481
796
658
714
282
412
95
208
476
340
726
726
101
609
575
50
324
450
242
154
260
339
712
140
795
189
264
605
363
317
135
366
273
164
753
491
176
287
389
875
982
531
274
160
868
888
968
9
974
832
271
78
104
727
773
276
601
7
299
235
34
465
418
919
272
577
665
878
759
798
581
485
117
536
272
109
40
775
784
707
369
550
802
277
950
659
53
478
313
662
767
819
652
788
434
704
804
184
433
943
310
773
402
238
334
473
922
859
163
966
636
642
168
316
161
527
439
79
67
61
397
180
728
105
278
543
817
27
504
967
123
916
268
807
348
244
885
955
39
655
612
674
293
15
701
184
106
14
139
518
52
71
566
940
996
69
105
141
444
827
810
667
225
700
607
335
539
189
413
31
920
510
546
506
367
366
536
422
775
130
288
485
915
570
893
262
834
523
432
816
22
912
437
917
439
240
733
39
419
263
695
173
733
52
253
379
601
694
338
540
482
662
636
951
549
910
941
298
784
760
66
259
366
752
892
58
349
117
861
380
982
508
261
815
351
809
511
320
494
283
429
699
455
872
922
762
992
671
321
686
424
608
700
248
886
483
570
471
625
620
165
735
480
619
980
650
887
683
66
913
268
884
436
464
1000
13
934
99
572
440
232
297
689
800
14
168
65
351
733
782
572
603
310
397
539
685
806
898
547
303
921
4
925
850
876
137
795
899
819
529
407
749
755
677
817
943
416
787
211
380
597
218
314
977
670
914
944
332
111
523
554
793
936
997
124
812
530
485
191
637
870
654
771
769
779
463
129
180
998
534
836
722
568
678
117
87
689
626
89
365
353
514
685
930
49
595
307
919
624
776
326
399
322
335
979
570
570
758
414
155
740
628
583
910
879
560
987
873
258
17
504
324
19
786
389
238
778
78
362
949
293
293
147
924
775
408
282
465
85
330
542
724
937
159
514
912
194
513
65
998
151
170
650
650
90
878
261
903
121
749
246
769
19
942
209
916
507
148
682
722
952
787
955
125
817
601
535
461
416
312
245
768
275
272
570
661
461
915
477
186
288
549
425
620
242
847
89
274
904
866
993
629
852
378
259
37
111
583
217
374
10
801
569
709
602
820
981
659
876
313
528
568
46
788
722
763
502
954
93
850
812
960
350
140
70
980
468
142
601
45
396
235
359
659
471
927
386
534
407
266
311
241
947
296
94
155
98
473
642
556
34
157
748
89
380
307
127
687
229
240
977
980
250
408
272
764
438
168
827
447
651
862
692
757
709
403
693
527
867
797
551
506
752
747
671
321
741
845
976
200
275
91
115
723
207
90
429
493
375
339
520
766
795
974
961
739
920
925
615
333
221
671
326
417
871
486
960
885
615
588
150
432
690
223
983
149
509
200
501
829
296
682
412
323
910
222
64
387
972
872
170
428
411
207
250
129
531
464
357
108
259
101
138
254
916
685
358
812
448
376
382
36
105
514
634
908
356
734
610
379
215
688
881
278
487
494
113
543
279
288
798
451
443
148
611
715
867
153
289
84
162
570
690
664
326
239
956
279
918
265
876
30
565
317
137
465
88
188
587
734
33
339
543
898
695
755
867
576
377
116
368
812
23
50
392
856
686
627
185
977
11
316
651
336
684
778
374
70
330
410
738
305
976
108
488
186
175
437
320
724
982
72
543
221
125
177
929
440
377
51
290
667
574
217
665
659
829
469
27
113
215
660
278
914
502
229
386
997
525
522
442
631
930
949
707
855
705
797
651
427
324
933
314
591
144
827
500
760
878
58
25
652
673
473
346
960
217
897
103
228
55
772
642
765
877
933
16
653
120
808
6
171
323
686
834
640
294
420
420
425
54
956
325
197
61
244
700
547
463
634
859
865
3
240
226
413
843
86
84
734
444
486
397
142
299
188
535
464
242
272
192
646
536
443
132
259
852
445
526
643
304
599
96
38
384
790
31
442
258
211
420
742
894
769
349
855
83
130
195
418
398
932
423
615
815
770
492
833
859
249
146
53
423
565
548
889
988
554
152
849
631
308
193
879
508
975
605
734
171
915
884
768
398
308
908
85
457
263
255
876
597
805
67
849
234
845
909
975
658
366
81
679
268
65
662
542
892
531
170
409
733
859
742
675
843
199
217
935
390
861
703
863
868
937
950
705
82
279
984
478
601
863
17
936
605
610
862
357
631
880
904
90
820
543
222
261
637
997
453
349
661
928
802
540
554
480
718
100
200
127
615
700
437
759
335
72
744
147
105
955
853
117
899
5
34
52
685
432
793
496
819
664
201
878
750
792
617
479
228
822
236
34
660
546
286
475
801
750
627
346
648
163
421
4
49
66
258
268
343
718
669
202
370
704
922
279
698
267
957
543
331
244
890
71
598
513
342
60
568
361
519
877
380
415
88
532
860
983
653
819
609
784
183
51
198
657
606
920
780
378
738
735
238
987
271
756
876
362
707
397
100
159
564
741
962
935
112
391
766
789
444
710
592
653
162
388
728
540
540
833
258
251
750
413
209
139
650
1000
268
820
899
317
209
698
561
287
519
241
116
604
951
394
790
707
291
817
731
53
513
153
280
473
475
9
133
884
598
351
310
590
402
91
454
672
268
165
320
862
549
606
653
838
426
702
600
252
812
294
425
368
915
376
277
191
516
861
735
594
318
124
365
769
523
99
602
317
761
354
621
800
601
136
565
597
421
865
525
680
370
590
545
22
128
279
685
434
622
808
167
557
851
26
132
587
98
969
234
503
830
43
960
176
336
156
353
252
937
834
273
341
169
877
527
981
183
454
498
138
572
653
131
67
904
883
411
716
886
994
812
548
114
189
795
895
454
252
532
677
40
335
653
790
791
237
110
391
183
221
966
687
243
759
367
369
905
187
568
311
663
859
976
942
789
864
34
66
136
774
720
448
865
212
715
241
986
21
395
829
544
224
647
404
976
738
238
868
973
773
567
386
141
814
209
190
706
341
172
76
384
216
668
197
593
227
121
108
308
197
684
417
27
918
226
928
148
580
977
252
821
467
796
66
453
596
840
295
120
282
719
730
910
587
836
795
460
484
307
691
689
67
622
191
170
575
33
924
611
530
627
928
872
498
209
223
804
885
322
295
84
307
850
798
727
458
479
627
397
568
840
829
955
96
895
834
133
997
938
614
365
417
878
103
466
758
832
495
612
252
942
930
937
56
119
466
202
283
669
888
549
517
603
544
530
669
666
267
571
630
860
302
200
49
586
689
31
81
778
828
709
235
433
340
401
91
440
612
273
992
604
755
152
855
228
730
174
995
616
311
47
408
946
404
565
949
532
364
880
699
342
82
228
814
842
137
640
619
418
52
698
392
309
840
818
104
32
774
735
517
795
377
141
278
253
51
392
267
149
609
389
516
591
389
85
226
216
228
249
310
971
523
547
811
429
77
289
378
845
113
346
924
784
122
109
258
989
11
575
690
267
757
137
121
234
617
440
488
243
375
40
504
103
929
416
252
185
865
65
899
55
501
609
37
517
860
636
504
793
838
930
325
629
477
761
172
588
63
556
49
624
594
636
320
139
496
927
668
680
763
207
109
991
600
202
184
437
548
34
743
148
718
466
376
165
662
673
159
234
910
110
7
375
244
61
327
800
183
567
954
446
68
713
579
788
170
855
411
503
716
558
305
387
851
770
661
210
908
375
31
890
692
423
907
341
592
770
111
666
645
430
143
732
269
679
309
574
935
193
924
304
236
421
581
444
984
456
775
963
484
893
129
582
666
191
563
494
727
370
344
462
915
570
173
222
460
561
754
257
812
82
585
20
421
877
499
820
826
36
333
576
802
144
552
501
366
428
175
282
195
477
267
575
528
535
770
896
955
571
30
923
948
199
436
56
561
921
588
245
753
704
342
461
767
677
140
691
775
222
923
292
451
229
58
601
200
467
651
90
843
907
122
111
544
389
187
568
683
425
436
621
789
144
929
616
80
972
78
815
832
135
494
551
47
153
947
130
197
154
143
763
256
769
810
124
613
352
78
437
598
734
884
715
84
701
310
568
289
833
989
948
796
504
413
383
879
918
777
920
912
549
164
661
563
892
340
669
967
486
346
87
834
296
843
862
545
442
842
936
24
766
847
933
146
375
826
716
812
441
458
498
74
968
231
197
521
579
623
873
440
908
233
591
362
734
830
744
54
415
479
539
224
12
114
991
874
62
176
682
333
145
237
493
36
800
813
706
512
263
448
131
983
605
237
66
166
867
793
586
130
328
732
902
2
692
1000
729
1000
688
724
895
406
927
934
453
430
694
525
376
535
865
447
556
967
281
905
886
432
813
857
82
350
537
146
28
22
112
337
511
579
88
698
602
773
238
89
888
634
11
352
78
580
256
433
574
933
992
717
512
808
360
399
291
797
109
673
53
169
427
686
918
189
425
991
503
610
831
727
73
193
59
868
92
268
952
273
503
476
185
173
1000
556
686
279
970
106
555
647
76
791
594
874
52
54
813
311
73
457
457
811
847
210
85
12
162
229
273
568
126
133
965
346
821
541
700
441
419
902
64
762
951
751
247
69
398
499
113
805
907
312
19
419
98
245
806
914
182
274
425
446
693
376
357
807
902
374
181
701
992
739
779
168
590
256
563
416
892
57
717
696
807
148
654
601
257
42
368
396
21
183
46
460
18
345
285
573
346
494
618
121
153
932
898
635
676
744
296
162
266
446
30
182
5
727
205
470
102
788
247
985
287
998
721
208
486
695
297
255
872
239
828
923
602
506
906
18
416
305
106
73
189
334
596
590
982
574
574
278
49
957
255
487
329
255
428
728
142
501
617
894
497
906
571
756
718
925
531
483
551
147
314
521
73
766
340
337
118
530
929
505
660
181
210
111
671
430
941
988
383
220
59
68
801
251
368
919
610
546
39
664
121
804
882
52
577
978
79
755
600
483
459
730
122
779
227
175
804
657
661
79
659
61
718
828
640
914
310
305
455
240
910
741
923
416
798
756
959
720
402
972
536
739
707
152
244
947
814
277
640
484
777
159
146
36
72
328
585
683
218
776
632
571
815
367
573
799
98
778
323
878
686
215
946
563
606
68
517
252
112
507
843
429
350
645
677
382
704
446
977
894
287
632
539
896
790
902
213
797
919
730
538
956
68
399
969
846
979
418
650
680
723
964
793
729
844
840
178
352
270
138
686
829
449
162
74
558
105
538
615
322
212
277
641
723
626
773
938
378
266
467
729
304
190
748
171
475
819
816
784
69
367
551
41
176
101
752
37
266
562
719
254
335
548
779
360
827
206
140
91
656
51
731
820
730
669
961
606
936
571
244
668
759
191
624
342
348
188
522
550
192
993
644
729
122
460
708
616
601
402
713
821
174
665
554
216
216
456
638
865
178
941
228
886
551
419
595
693
775
340
712
550
519
879
742
909
932
496
576
709
105
497
908
19
671
850
930
454
77
519
684
630
111
409
821
395
14
247
344
924
322
689
393
392
141
12
608
228
18
315
691
572
928
878
625
438
605
127
531
847
933
955
712
447
986
985
362
416
507
386
304
482
796
32
921
741
394
639
591
850
63
583
195
210
372
374
780
927
440
268
572
40
238
547
238
478
929
493
483
608
631
126
273
43
570
354
287
79
636
890
345
936
334
858
340
359
762
445
908
719
418
411
753
536
416
487
703
221
118
427
501
716
526
982
140
55
781
50
724
844
111
144
813
387
562
722
762
702
255
197
595
898
570
720
546
44
507
132
379
291
358
350
620
599
936
288
114
899
487
35
771
519
781
982
12
823
539
99
376
334
83
931
663
316
60
926
40
281
716
910
662
582
949
690
840
519
444
327
529
750
506
72
100
69
420
65
605
734
873
964
70
209
258
169
187
620
165
184
474
696
234
503
152
496
892
335
969
461
251
210
808
798
854
790
845
831
782
44
379
662
860
323
233
261
572
713
380
72
35
991
97
81
92
682
666
731
971
818
946
183
155
598
249
132
360
431
765
806
466
919
446
795
919
119
347
732
408
675
444
549
513
725
950
60
673
992
498
851
932
798
480
989
545
694
462
311
889
892
538
133
312
768
451
627
802
910
607
162
166
393
116
74
652
203
495
485
715
545
950
193
260
181
444
330
351
778
463
886
505
378
60
983
593
902
892
516
931
150
631
968
221
67
424
926
782
570
446
405
463
536
31
314
791
170
803
873
372
736
552
491
479
252
595
902
658
954
258
480
596
476
853
80
788
674
343
437
245
213
115
640
175
693
441
461
907
333
711
761
819
361
876
630
471
817
119
408
186
140
454
850
837
399
845
33
704
208
111
894
453
921
366
547
458
798
972
190
17
398
219
564
689
978
377
289
287
803
107
122
949
364
952
374
379
162
866
207
399
31
669
699
877
386
204
605
659
437
240
79
118
916
673
206
610
409
500
603
498
988
433
134
280
229
836
945
755
753
968
421
834
552
728
492
814
874
54
133
327
579
605
397
886
861
389
82
290
351
732
700
797
197
787
987
940
515
437
292
468
95
891
522
197
909
301
570
657
546
643
756
78
896
585
643
782
128
230
872
797
54
367
984
824
477
753
226
251
717
896
223
221
76
341
259
793
923
658
385
342
565
939
299
394
37
870
979
697
138
385
804
571
518
242
677
120
674
222
312
107
695
410
870
236
354
8
348
135
125
703
135
35
525
852
447
950
201
672
966
112
573
897
336
704
484
801
680
30
303
282
58
336
739
995
747
350
686
533
446
354
433
197
272
639
830
428
182
243
188
261
978
226
142
420
186
739
218
655
333
123
293
731
805
806
500
485
268
241
640
529
311
482
701
749
876
681
659
773
800
522
773
887
721
585
238
371
230
39
66
362
588
434
379
798
718
40
892
362
231
325
941
400
206
191
536
6
122
108
747
361
717
699
762
411
293
885
922
916
690
505
35
661
163
79
165
277
636
576
658
173
688
161
568
928
557
830
575
10
86
755
677
58
962
753
11
301
526
417
62
117
140
164
626
228
82
86
800
939
923
655
648
503
619
888
728
975
565
84
242
910
796
963
14
234
731
630
796
331
979
898
191
83
841
777
19
858
663
85
354
795
561
243
675
806
872
568
883
478
843
703
616
727
640
719
760
817
197
376
166
964
854
600
741
358
829
102
73
807
504
995
617
267
768
203
68
708
634
267
823
302
306
595
164
458
993
843
20
132
913
641
889
949
643
613
853
727
849
521
307
787
540
154
850
679
993
349
921
670
582
79
908
889
225
624
261
309
545
483
958
227
255
612
851
264
678
32
641
95
316
166
46
661
928
708
251
307
693
764
78
87
134
544
733
803
449
725
118
464
525
65
450
802
146
817
614
586
834
403
628
572
457
427
301
983
967
1
62
665
278
413
194
879
81
93
768
467
206
241
898
208
954
336
890
844
430
218
321
66
548
516
121
746
688
83
796
949
778
430
62
443
700
627
17
378
847
892
177
7
959
848
668
248
326
261
671
326
641
578
908
997
106
678
781
437
800
640
690
223
631
870
192
193
276
709
877
514
784
354
399
546
918
617
432
788
197
165
190
865
89
167
355
557
91
380
907
412
117
794
142
809
707
745
32
408
806
919
156
785
880
467
72
720
900
551
224
525
931
651
274
633
496
237
902
846
957
244
876
390
836
297
852
708
221
248
58
137
582
856
690
827
34
610
654
686
960
362
471
701
976
376
425
881
562
149
445
952
170
423
783
710
23
590
190
922
681
215
60
69
157
304
121
198
918
908
229
796
519
970
579
50
691
284
592
518
796
104
665
317
587
793
780
611
786
910
626
864
596
4
477
764
296
85
151
585
478
168
282
559
472
40
592
22
16
545
662
323
194
965
405
438
607
994
390
282
608
236
751
871
964
397
129
874
13
448
406
92
886
197
668
92
708
799
757
698
820
394
163
204
632
530
291
398
629
688
231
636
492
962
156
295
916
181
67
306
13
549
665
279
258
388
497
624
990
740
971
823
681
709
574
14
40
574
909
395
159
651
177
726
578
910
773
968
445
856
492
541
249
61
791
857
247
453
402
161
739
480
319
350
441
191
827
173
532
281
573
695
865
138
178
156
285
220
106
236
954
79
566
820
216
260
489
445
432
517
399
182
831
732
627
608
88
989
725
855
979
227
247
20
533
235
851
312
89
217
892
490
148
428
162
676
496
469
254
716
980
446
731
722
340
843
957
700
290
263
637
473
369
850
633
361
937
88
316
633
126
781
587
379
660
742
747
758
96
268
519
963
400
895
399
622
786
908
821
566
46
993
117
806
748
291
738
485
518
102
52
857
35
838
172
845
283
105
876
724
115
148
896
999
817
799
384
483
949
880
279
877
618
940
327
94
784
887
318
455
606
672
426
421
754
290
504
664
835
624
898
346
589
547
119
841
285
668
301
761
812
782
319
419
77
286
666
386
796
944
320
322
759
896
730
277
292
421
609
701
743
447
646
180
288
907
599
623
127
894
358
964
469
404
953
508
657
575
421
707
876
43
696
362
422
877
570
41
163
731
412
129
147
757
403
822
107
467
492
693
207
433
656
850
929
45
144
418
579
840
112
693
875
764
271
15
752
353
479
435
529
562
406
95
573
762
270
231
637
310
570
87
392
951
483
120
20
290
656
442
332
731
658
56
165
53
11
48
882
849
266
970
803
426
977
846
792
236
954
842
108
926
812
935
522
74
444
439
453
275
392
519
627
894
655
242
717
30
474
816
363
473
512
310
620
980
147
565
394
541
486
688
936
850
671
989
760
448
570
60
137
997
536
647
296
812
604
959
620
319
478
836
90
775
846
792
736
670
386
202
56
755
265
25
296
284
61
194
922
130
152
217
484
280
519
571
718
742
434
971
7
990
965
583
335
583
561
420
658
974
742
117
518
459
292
396
189
987
264
519
104
552
869
992
884
291
891
43
748
423
225
421
549
333
812
513
413
233
808
201
389
837
439
553
877
419
279
317
119
10
489
983
784
198
277
913
113
165
214
306
447
479
702
533
571
737
773
54
771
90
991
222
923
956
443
813
874
999
631
883
43
980
451
337
34
715
407
133
647
337
360
546
199
530
782
200
438
407
876
525
961
303
421
934
190
705
230
471
845
395
499
330
666
758
895
825
501
434
608
513
858
293
9
461
133
516
967
780
579
464
587
889
833
133
528
814
906
945
615
106
886
78
281
243
551
986
670
921
78
543
955
308
457
956
780
707
361
855
717
645
944
618
968
606
785
382
483
72
838
276
227
855
374
276
657
74
574
358
243
909
100
224
109
971
39
427
890
445
634
563
353
771
904
892
924
185
568
870
24
546
10
411
100
3
29
170
626
934
475
992
532
999
440
472
454
627
112
700
113
822
446
120
990
498
672
912
516
83
426
349
939
63
973
108
648
841
739
258
179
117
618
507
612
587
756
715
794
724
321
612
19
474
225
582
639
636
227
759
835
774
95
314
397
223
940
497
829
627
349
53
892
157
309
263
799
679
176
546
76
547
425
289
588
633
652
35
455
622
560
940
360
816
842
523
738
530
282
850
876
882
795
716
324
409
801
748
581
308
229
164
41
531
225
923
627
497
609
259
942
808
511
47
580
785
699
722
172
79
506
991
398
654
27
603
675
964
764
117
668
968
617
61
993
875
157
471
608
871
155
882
506
870
395
911
769
682
670
424
870
791
833
736
378
895
704
151
125
675
429
543
40
615
887
224
988
983
85
522
756
900
780
367
482
628
509
1000
407
369
5
869
757
648
601
175
921
98
713
625
782
76
79
834
416
76
824
124
260
76
1
736
784
950
901
177
684
994
787
969
91
344
638
33
738
314
762
32
596
589
500
181
910
820
112
149
158
259
567
877
309
424
168
66
997
57
120
385
21
265
876
94
710
251
781
598
559
910
405
50
530
86
594
343
657
291
313
214
445
680
753
212
84
734
243
641
546
251
451
52
833
533
976
131
310
877
972
479
401
283
172
583
715
19
330
551
298
534
447
377
593
969
84
40
433
301
240
598
673
1
849
275
167
273
920
255
953
343
785
289
818
314
805
977
641
970
711
592
173
406
451
875
328
749
386
749
628
167
381
382
601
75
580
817
947
393
418
855
132
197
166
520
92
381
880
370
898
917
416
603
800
514
525
961
340
105
659
626
263
725
606
829
300
246
934
678
477
154
622
660
527
601
175
65
348
749
928
473
872
967
573
50
53
559
257
929
526
450
336
380
446
404
906
853
889
430
66
995
307
721
681
870
7
459
82
999
979
914
305
892
832
503
279
810
703
139
567
895
970
879
543
767
636
652
184
691
786
728
485
57
749
412
65
685
675
474
570
685
756
558
262
28
438
138
198
107
785
552
225
994
997
347
646
81
301
727
953
360
846
303
847
825
187
140
655
327
574
174
559
869
343
334
661
561
605
209
442
94
212
976
114
640
683
47
175
583
507
765
423
236
721
525
323
35
462
362
32
504
554
987
25
265
31
271
173
521
908
491
596
402
661
541
701
733
942
135
72
676
609
409
225
533
862
264
217
670
249
907
795
481
502
497
865
869
697
423
232
338
821
341
776
725
467
684
489
167
658
63
787
306
316
311
281
900
655
729
607
666
371
846
552
302
572
679
714
312
720
188
358
235
145
935
699
625
536
327
846
6
566
159
902
367
437
923
86
568
62
496
814
726
546
68
751
91
279
690
933
381
480
31
720
24
27
780
34
559
336
972
573
181
229
315
185
275
547
525
80
414
322
342
13
975
446
150
851
997
979
680
464
801
795
656
806
209
225
328
613
778
531
889
870
428
242
311
606
54
178
359
46
566
886
271
613
228
674
422
159
11
358
48
780
859
412
943
469
286
933
990
845
956
729
310
293
4
741
277
274
842
657
147
214
913
73
769
495
27
55
399
433
480
189
211
756
651
530
254
714
847
868
264
546
606
381
832
799
17
494
516
160
602
803
289
138
806
864
738
2
215
927
95
738
4
168
271
134
508
5
41
796
861
904
641
587
121
775
445
602
244
405
923
690
609
563
146
670
866
161
606
645
744
933
756
58
744
483
841
498
890
882
722
892
745
555
579
379
715
394
727
66
752
277
237
771
873
290
778
542
946
564
169
553
634
569
889
369
93
20
689
87
428
460
139
501
691
416
853
839
801
798
923
304
747
42
377
887
549
456
609
124
72
868
673
490
889
426
984
940
709
459
986
609
788
709
589
573
257
967
461
507
699
457
172
532
865
252
490
645
477
34
433
4
810
499
833
443
623
196
771
520
744
564
407
610
453
840
935
702
550
884
976
665
427
258
855
91
735
813
32
525
538
678
477
742
483
894
930
892
921
50
317
192
707
138
677
79
384
267
706
697
726
33
781
751
425
283
994
652
201
928
91
745
241
812
716
387
965
767
218
999
929
860
939
724
867
20
947
810
424
327
325
122
137
92
712
904
497
120
869
96
159
463
969
643
81
139
581
908
582
181
505
289
847
744
293
527
740
110
182
98
159
796
723
137
691
267
510
227
322
461
236
641
89
81
255
478
549
384
35
421
697
193
99
728
253
523
342
598
699
531
769
629
770
977
787
39
165
874
593
504
676
332
817
215
653
868
725
657
381
285
413
251
843
79
575
413
58
872
40
924
190
717
735
447
934
361
94
150
206
424
482
676
887
758
985
912
43
910
978
620
298
621
639
161
630
187
560
555
825
481
63
786
189
941
638
271
714
68
86
144
12
980
896
136
636
357
209
323
494
606
3
695
894
770
928
27
233
55
80
846
37
55
917
248
639
953
651
943
951
798
148
57
161
477
99
940
434
537
338
578
951
7
883
246
321
967
9
32
600
419
53
857
659
778
450
444
554
659
661
391
839
4
216
786
350
498
540
91
80
414
307
728
643
809
356
723
565
124
93
326
399
563
982
192
669
365
488
787
397
983
78
140
687
267
38
44
714
508
931
74
449
42
497
528
594
943
986
524
923
73
437
386
909
839
174
467
169
539
308
42
441
50
613
627
90
973
803
811
881
88
345
761
788
748
805
976
116
446
15
259
906
873
991
42
97
556
172
400
4
511
147
406
145
804
849
424
441
694
56
243
279
210
417
431
543
147
564
785
628
316
913
760
958
657
714
751
632
598
942
586
118
917
319
126
787
418
122
570
278
234
251
473
208
563
662
986
318
289
730
755
113
338
372
115
393
615
38
635
436
631
88
801
89
35
469
578
303
136
499
411
829
586
569
215
618
592
234
577
146
380
409
222
143
677
544
949
265
47
92
805
838
546
963
412
952
896
916
929
720
100
676
773
936
297
729
306
112
151
598
303
786
278
568
154
736
851
713
885
888
156
532
599
823
355
123
759
127
338
102
374
904
748
828
8
56
839
20
633
326
972
255
912
547
662
28
865
790
977
510
178
834
845
233
617
569
832
617
43
176
438
155
605
983
342
512
599
625
149
158
897
600
428
942
660
752
725
145
978
848
311
529
886
550
516
912
618
76
339
773
511
421
434
562
673
445
301
930
871
718
766
784
143
581
917
274
863
520
319
702
759
413
178
238
33
786
282
487
92
654
796
448
704
42
687
854
493
934
264
959
431
324
233
609
69
647
485
897
332
434
700
498
143
131
868
881
328
267
883
920
922
942
225
36
979
761
179
54
111
103
200
507
815
590
169
500
724
482
211
906
190
812
961
547
568
464
74
656
965
600
552
475
625
122
650
31
634
311
551
186
421
527
405
165
840
217
65
385
445
101
373
543
900
818
617
533
143
91
280
12
230
172
4
948
653
368
344
751
460
668
52
386
970
6
136
649
267
579
937
50
516
18
619
541
923
216
220
707
605
821
718
768
312
758
539
495
289
997
181
218
669
299
853
485
955
365
52
274
221
189
567
617
2
343
43
658
528
772
453
69
44
525
220
215
866
159
501
746
787
902
670
577
353
170
10
355
410
520
694
915
929
184
272
150
981
659
329
376
238
33
259
315
509
12
230
548
373
955
348
577
288
299
611
718
438
250
828
447
806
417
725
959
96
907
927
871
431
204
441
325
927
799
491
584
566
268
630
944
157
80
970
484
744
245
924
233
897
628
153
410
11
39
316
905
852
125
807
851
325
128
5
947
770
191
418
104
976
702
984
18
732
532
898
628
826
153
773
709
490
468
664
651
614
371
738
283
68
180
810
861
441
87
414
750
557
46
189
569
39
181
882
286
833
828
46
370
379
332
415
649
882
293
746
153
719
866
925
383
738
651
960
929
48
54
900
966
483
872
202
352
908
877
252
16
735
289
798
211
311
371
609
481
108
437
633
702
5
313
415
186
59
854
785
952
21
220
817
989
499
168
194
852
446
432
281
350
734
968
436
79
80
768
268
521
43
227
436
444
15
155
700
327
896
512
70
213
7
346
470
316
22
926
252
489
325
781
884
970
441
744
239
342
944
962
297
920
484
540
780
133
84
617
143
525
687
126
856
894
437
29
501
526
221
262
917
768
57
485
523
313
799
833
194
874
319
691
428
430
60
236
385
439
623
104
746
953
483
119
418
328
449
632
195
215
776
412
129
398
290
588
867
180
663
144
503
513
107
939
577
926
681
992
558
880
473
386
524
83
975
74
906
49
274
48
103
900
691
760
107
251
188
985
353
634
948
227
580
644
811
306
975
890
544
161
998
201
11
120
44
56
27
518
731
919
391
297
994
280
607
23
193
906
94
957
839
933
60
448
228
117
557
407
311
868
591
566
754
319
300
514
798
159
324
233
240
58
587
437
581
648
743
521
643
183
341
568
402
752
183
793
918
550
570
522
180
286
82
11
723
626
834
10
267
235
83
553
753
911
153
630
119
654
41
817
855
391
637
950
807
231
775
211
78
698
117
572
796
283
25
350
302
979
460
329
808
327
318
7
151
235
115
151
221
735
498
503
301
816
480
762
887
20
101
987
440
174
828
93
237
315
735
401
581
63
391
506
59
346
936
711
657
609
285
954
64
96
701
570
688
125
407
114
861
726
581
654
406
391
148
698
229
581
796
369
476
579
580
386
196
871
514
182
940
671
648
681
755
811
576
866
284
472
149
333
694
33
666
505
432
737
279
499
936
7
723
527
138
744
402
115
985
454
702
83
787
79
555
363
476
614
395
352
961
290
156
859
131
941
808
649
271
116
24
998
702
171
422
793
825
993
239
629
18
865
847
810
802
999
456
890
794
170
847
790
155
152
545
362
111
190
982
363
61
169
418
800
928
259
965
858
209
382
257
181
109
515
912
509
18
32
478
503
771
819
587
615
90
112
532
93
406
512
305
490
111
359
949
659
675
724
67
56
318
757
133
243
340
17
807
750
733
874
282
598
417
452
531
287
20
250
378
757
911
604
994
49
376
461
802
216
401
657
25
321
275
436
211
600
539
973
948
196
575
949
963
579
261
7
59
355
750
860
90
27
689
445
703
329
900
922
146
450
541
277
378
67
681
432
510
340
448
880
139
152
903
372
430
822
251
86
716
409
296
727
815
40
427
963
246
756
26
93
143
761
825
28
239
405
450
276
563
872
727
668
423
69
720
632
830
575
576
306
721
79
307
390
384
469
672
65
100
40
70
146
115
133
958
923
300
522
515
756
436
741
438
555
656
185
344
97
527
779
765
283
337
720
664
227
577
503
485
254
289
545
710
886
906
330
55
89
304
789
413
361
498
758
228
911
987
857
255
771
701
106
691
403
704
704
260
715
194
597
816
768
150
418
57
662
709
895
544
127
414
998
521
118
776
150
286
509
827
166
499
501
251
201
30
865
342
594
220
834
569
885
466
201
330
422
538
201
924
593
417
566
669
323
551
189
46
745
67
921
152
668
124
611
113
578
338
25
124
939
778
549
112
68
329
730
507
625
310
211
199
921
845
555
595
544
634
776
50
310
15
569
57
253
93
976
915
534
224
421
44
741
812
719
905
5
406
832
872
385
358
420
684
300
740
30
118
713
99
441
138
37
710
136
121
2
719
798
134
236
728
613
332
531
388
868
753
620
393
732
664
21
677
81
855
471
587
922
754
931
77
701
262
135
640
188
525
40
142
187
563
704
776
123
519
1000
133
77
279
385
85
811
692
81
48
562
143
62
317
146
342
106
951
441
317
572
455
768
213
709
800
901
142
242
620
160
686
929
895
320
764
178
534
650
520
209
909
42
168
121
977
734
699
121
638
597
411
551
285
188
724
438
6
614
719
107
646
165
385
867
643
744
51
66
539
46
315
968
301
374
561
394
415
419
289
385
993
610
638
476
568
641
757
873
696
785
806
941
853
380
141
129
677
541
787
521
478
703
100
307
414
746
689
67
885
226
200
472
374
509
929
365
938
346
902
957
538
996
776
31
644
777
441
937
885
12
223
168
977
980
300
316
494
946
77
768
691
989
466
616
408
403
730
445
507
460
12
545
370
65
682
553
352
602
355
509
646
448
124
162
543
625
47
68
879
659
191
430
751
645
410
525
14
442
213
390
500
641
853
272
242
402
281
816
858
584
523
153
900
211
734
66
241
94
447
524
207
725
772
466
111
344
250
804
923
541
254
116
826
934
878
645
609
248
701
260
746
387
96
111
618
215
899
511
326
534
332
908
661
352
630
426
505
214
741
574
509
160
60
941
441
270
603
332
804
386
759
417
16
32
516
570
826
837
474
466
182
901
362
642
286
423
400
784
534
512
528
49
414
602
239
150
765
57
160
702
701
355
915
566
391
648
52
137
729
537
98
570
869
629
875
431
719
496
933
455
791
256
988
849
87
194
305
748
736
619
131
757
35
792
997
997
920
886
911
515
642
423
165
901
101
904
385
815
515
479
595
88
912
466
313
732
984
901
392
306
601
795
754
389
754
810
322
516
263
252
96
542
723
15
490
572
390
729
319
112
126
583
211
116
660
412
273
706
291
636
780
174
80
404
261
606
151
646
802
788
210
271
683
427
628
102
182
906
170
648
550
453
912
656
976
58
670
708
656
797
152
830
677
612
166
734
809
959
748
913
708
48
73
631
411
435
95
579
266
697
615
558
587
9
741
849
172
797
896
252
989
920
608
214
507
545
208
372
111
231
921
5
84
182
208
670
673
239
893
66
877
816
84
701
218
794
401
38
778
790
638
668
542
860
880
284
777
681
296
642
115
516
600
982
668
321
956
855
804
461
989
65
350
572
372
776
469
254
35
39
578
601
782
288
126
512
298
268
5
634
796
730
974
779
982
125
875
342
888
874
790
856
751
159
485
183
177
946
5
752
989
659
439
448
182
294
48
886
788
380
958
164
161
21
507
823
167
281
455
408
664
533
826
95
500
41
290
782
768
753
831
815
973
847
34
527
807
863
760
930
175
14
420
826
524
844
768
558
532
878
484
183
503
521
999
835
454
644
650
504
64
239
571
448
503
314
657
775
149
121
831
932
401
133
710
92
497
559
596
500
66
254
562
775
879
902
693
847
298
154
607
882
253
863
525
734
558
73
757
529
972
935
347
281
904
618
480
956
490
505
780
730
418
658
4
471
370
289
173
578
702
75
211
675
249
678
140
579
92
682
522
754
101
130
331
484
514
197
998
406
703
228
332
431
958
675
895
632
565
251
198
369
850
22
508
499
921
537
741
162
486
533
875
54
169
2
405
941
19
64
803
943
786
227
864
844
560
610
10
849
261
961
752
686
581
819
704
798
708
108
81
824
702
660
899
447
538
435
385
478
923
863
310
222
625
575
576
635
166
880
166
831
947
428
298
121
979
752
541
758
401
466
115
225
633
819
360
488
806
594
295
384
487
54
579
507
123
234
442
171
676
931
559
385
630
819
587
471
622
407
147
431
625
865
11
200
39
922
442
238
801
364
742
931
929
542
150
505
5
981
240
106
882
296
119
610
157
145
170
956
373
778
577
553
16
994
721
270
324
832
955
352
427
640
331
45
128
115
265
958
273
620
972
850
435
19
713
103
366
942
101
724
442
273
506
607
309
802
563
322
578
485
380
674
769
362
381
723
953
459
715
780
999
639
885
971
755
375
854
710
430
509
891
416
831
750
130
48
276
55
85
341
146
448
601
900
766
460
366
159
620
473
712
910
921
73
8
427
713
136
583
37
182
268
964
525
61
924
114
612
201
234
916
995
863
657
593
904
752
697
582
860
4
295
869
260
973
351
179
134
463
624
633
500
296
51
400
565
591
500
54
415
391
890
470
369
361
551
317
795
213
163
117
27
472
753
994
547
806
489
92
526
998
100
738
64
478
689
862
976
281
77
668
553
426
308
947
426
939
292
402
78
980
10
887
209
201
80
784
176
499
76
828
677
990
787
434
768
104
436
54
625
189
717
509
457
255
827
340
534
515
302
574
931
155
858
791
954
858
545
702
763
603
237
10
101
294
860
989
830
677
752
958
450
812
157
338
932
567
301
99
613
317
683
298
412
996
692
20
167
419
881
29
796
214
984
84
737
701
9
66
158
557
955
721
107
297
321
236
580
400
221
114
281
276
945
546
295
994
598
717
90
911
885
649
546
548
287
302
892
670
357
745
913
863
335
924
118
95
161
856
253
292
242
868
90
491
983
58
199
699
535
92
102
916
786
703
467
266
152
326
510
721
328
725
379
360
735
775
372
838
526
305
488
70
756
998
470
351
251
833
913
517
204
441
868
466
642
817
939
324
632
598
380
962
554
365
12
247
679
634
524
844
460
673
680
964
799
961
692
824
250
320
385
114
153
459
910
840
428
445
47
973
271
604
653
496
626
751
895
547
190
555
950
179
38
680
522
71
497
298
651
669
856
929
6
917
585
215
1000
604
536
778
875
288
204
925
764
999
330
229
558
398
601
302
226
650
272
632
83
726
797
661
216
468
764
116
280
634
244
666
934
212
907
317
154
995
210
990
144
306
230
291
827
791
544
193
978
313
585
221
865
849
239
833
466
693
549
308
379
803
715
92
368
268
853
372
388
966
336
955
101
190
217
24
498
144
777
965
707
713
62
578
387
857
825
168
711
545
978
323
45
932
828
182
456
81
646
948
313
261
457
86
60
130
134
209
27
621
759
841
349
456
220
49
945
943
101
925
966
486
484
696
575
886
42
488
174
859
914
825
324
597
684
354
900
67
958
901
313
12
477
485
795
302
49
855
889
307
137
576
628
367
872
862
948
756
731
495
884
511
336
914
641
237
548
815
853
660
392
414
640
791
5
917
619
937
228
828
709
906
715
224
985
815
898
210
769
501
568
440
305
365
576
243
939
127
991
733
256
90
504
55
819
849
5
208
562
561
370
155
561
445
609
191
658
847
906
574
660
558
608
246
527
626
193
364
542
980
138
913
620
260
304
948
934
497
997
153
289
182
959
981
413
687
883
605
37
561
244
905
705
572
203
995
264
526
420
593
293
998
386
246
345
466
868
425
235
764
716
51
540
629
621
476
525
424
270
531
912
668
769
157
226
764
378
218
727
796
502
199
125
642
571
246
375
670
991
884
495
511
912
148
925
754
290
331
556
763
253
471
262
358
405
681
210
626
854
16
473
869
123
764
267
827
159
662
380
786
33
404
282
462
710
944
699
939
453
693
716
335
831
872
946
795
222
492
93
997
526
798
555
840
559
662
183
926
848
327
575
421
467
517
733
720
372
353
320
799
502
434
800
428
963
287
176
600
667
592
662
761
105
505
899
407
174
681
297
596
145
194
384
172
621
227
400
566
850
183
113
912
145
990
286
982
556
810
999
237
586
990
909
344
467
281
202
137
779
184
430
243
406
534
569
95
812
399
913
69
300
19
406
939
236
688
385
487
589
747
197
519
372
813
5
382
41
291
967
76
700
74
105
496
955
947
491
293
184
947
440
750
760
670
208
186
924
994
832
742
356
943
769
856
48
97
419
779
874
551
70
969
956
239
358
5
70
279
700
669
204
556
581
516
829
699
305
29
172
894
475
255
4
526
230
717
420
915
983
390
977
57
827
527
173
916
441
981
150
823
156
693
159
226
16
66
214
535
530
41
888
560
844
601
258
224
361
412
503
549
24
973
624
85
623
994
890
266
421
20
607
42
738
943
772
46
735
702
235
546
80
941
627
834
138
260
279
935
914
359
336
986
551
539
44
433
679
23
297
940
295
524
294
430
612
634
147
258
894
538
5
735
315
307
219
739
977
571
764
632
758
165
248
991
856
450
814
19
449
230
173
639
739
866
336
954
707
566
442
675
309
560
571
528
221
484
806
666
525
934
647
912
600
204
160
474
259
613
876
589
670
53
678
552
736
25
623
44
845
622
85
978
906
622
184
758
844
556
6
683
247
694
579
393
223
954
989
113
253
436
924
479
518
947
682
946
42
163
46
332
593
656
79
614
164
61
774
276
144
13
621
647
677
581
280
458
162
760
684
617
959
467
574
469
566
591
280
415
498
992
519
595
289
274
43
406
281
813
584
487
761
747
581
890
111
849
717
833
724
999
712
958
391
777
331
996
867
461
53
318
252
88
168
304
682
628
915
94
360
640
480
512
150
720
175
6
663
890
718
169
272
507
202
920
524
129
646
442
914
635
4
743
305
616
745
976
287
518
604
560
317
165
174
815
391
588
559
643
601
634
890
143
98
510
297
815
265
740
213
914
907
389
852
517
604
8
18
244
828
986
619
279
683
525
733
450
493
919
225
999
157
228
142
528
774
899
20
29
521
494
947
995
812
5
250
870
798
160
34
193
259
189
785
640
522
378
194
621
911
233
37
135
514
3
861
696
118
97
919
77
774
262
588
161
467
137
220
871
604
475
335
783
110
451
59
183
617
584
241
507
312
532
127
366
486
847
229
370
649
144
575
276
856
856
707
699
539
646
242
744
469
543
679
801
338
877
91
380
224
329
153
724
269
69
921
201
543
251
142
720
46
733
647
939
998
427
597
964
419
167
764
587
51
530
894
221
984
712
314
237
467
519
879
543
561
157
403
574
542
114
717
885
565
985
83
469
442
175
406
683
115
326
688
476
171
288
71
40
301
951
219
283
643
103
78
734
957
236
896
801
473
734
669
165
78
971
925
522
191
475
417
447
961
151
420
918
775
492
812
520
732
226
187
18
153
865
208
702
847
320
598
525
571
669
287
842
692
777
978
57
400
643
140
632
309
877
244
400
927
539
177
567
492
941
421
924
792
461
443
66
966
965
154
581
618
898
899
418
590
619
541
25
343
410
256
78
57
488
770
949
370
186
147
384
530
903
998
667
47
829
738
676
72
953
410
611
898
675
579
217
923
302
823
197
205
120
166
468
736
376
861
131
293
858
331
402
736
597
435
415
757
169
642
882
706
110
241
958
957
148
870
490
918
828
512
908
259
635
58
697
480
609
746
951
517
77
874
505
679
370
513
232
183
781
517
484
972
355
703
228
208
453
789
300
111
984
909
56
540
932
948
852
905
818
639
800
493
725
737
668
143
183
379
535
687
167
453
24
155
529
91
953
278
322
994
80
843
850
724
555
303
593
955
524
296
277
888
220
399
632
370
559
330
224
767
338
656
187
698
602
194
207
118
517
361
751
769
759
177
252
501
849
890
380
244
399
364
598
394
629
338
17
506
573
22
197
638
370
293
347
104
909
770
719
815
52
523
40
308
579
452
752
406
543
173
651
854
873
545
333
942
498
521
574
12
344
506
674
442
280
65
692
984
684
986
257
407
97
342
339
319
718
447
373
600
449
315
750
447
126
946
178
682
446
174
473
832
141
689
833
788
605
197
922
912
207
578
250
412
537
219
952
808
4
620
565
259
814
731
178
945
302
39
343
506
413
178
499
63
257
245
369
407
518
651
506
193
935
507
162
833
204
842
319
978
841
102
560
529
750
461
865
968
584
846
782
479
305
129
83
573
356
319
120
419
660
862
744
423
746
844
562
682
196
117
707
95
322
455
145
606
663
872
451
773
327
358
199
467
379
161
821
874
548
543
652
488
949
7
334
205
848
766
658
842
970
642
404
462
900
585
621
8
396
236
446
56
455
950
397
491
267
471
350
376
167
810
941
34
1000
850
210
392
889
936
527
71
472
78
2
919
926
871
113
807
54
552
905
709
303
752
411
688
82
760
493
622
60
154
97
733
79
489
563
451
254
827
195
717
643
887
351
567
648
283
754
712
8
821
25
661
562
526
345
855
583
646
154
421
258
57
486
132
931
907
815
97
879
972
846
760
863
838
227
203
780
112
328
423
959
754
220
275
840
870
117
371
347
348
768
413
289
366
220
15
869
722
533
71
717
546
822
357
858
14
331
896
609
796
348
132
368
936
839
86
303
752
193
93
807
52
416
614
527
948
995
651
408
140
611
964
168
412
215
989
618
296
926
547
601
890
123
847
444
936
125
264
48
66
796
899
923
184
253
504
80
721
897
134
193
762
253
341
489
604
9
232
857
890
243
534
688
989
870
80
344
853
730
583
832
577
238
873
729
261
714
98
634
858
978
307
80
892
937
112
198
806
521
176
963
719
720
542
235
57
320
30
302
116
762
575
759
365
586
88
675
310
296
409
127
703
493
644
449
586
134
152
748
434
548
414
319
500
66
117
980
681
792
163
423
469
815
644
362
177
456
295
145
807
867
925
36
550
640
882
109
575
883
711
550
234
597
778
892
584
506
843
738
684
652
638
90
21
394
930
907
98
892
674
326
514
370
791
449
540
400
885
231
532
151
54
867
628
329
931
989
724
549
179
399
864
960
154
903
748
340
239
167
424
724
582
759
797
341
959
227
173
933
364
69
223
342
695
582
712
83
536
56
918
952
567
353
52
465
401
417
820
829
92
889
960
325
830
601
96
404
274
75
932
294
453
507
713
932
730
205
381
243
744
902
260
803
129
92
719
487
432
235
428
14
268
590
140
988
31
706
445
282
255
48
591
725
153
421
364
843
982
28
985
128
361
211
310
458
992
779
233
63
560
942
505
95
327
252
649
466
547
988
601
660
117
256
412
610
731
420
674
783
799
949
642
534
140
783
567
25
827
706
86
185
162
850
420
948
640
304
315
759
971
732
52
469
14
146
713
631
950
149
931
652
439
82
229
877
304
430
317
703
649
739
694
156
852
706
971
881
535
84
673
944
93
818
971
101
131
949
71
662
295
672
852
554
870
800
982
758
361
815
530
774
38
647
849
490
137
104
59
936
752
445
453
47
620
140
498
188
329
627
430
447
191
439
644
304
290
780
947
738
240
660
120
224
509
673
784
827
463
870
388
612
155
496
330
52
692
870
961
165
479
604
824
670
120
348
535
471
63
186
686
675
216
16
759
696
953
382
460
286
5
517
412
869
859
444
584
297
909
513
41
423
839
287
971
113
993
592
812
903
155
535
170
990
362
918
411
717
549
596
566
